0 0 0.785 
0.129711 0.0686962 0.189105 
0.312029 0.10359 0.189105 
0.494347 0.138484 0.189105 
0.676665 0.173378 0.189105 
0.858983 0.208273 0.189105 
1.0413 0.243167 0.189105 
1.22362 0.278061 0.189105 
1.40594 0.312955 0.189105 
1.58825 0.347849 0.189105 
1.77057 0.382743 0.189105 
1.95289 0.417637 0.189105 
2.09108 0.404867 -0.373403 
2.17505 0.387744 -0.0289209 
2.37023 0.382098 -0.0289209 
2.56541 0.376451 -0.0289209 
2.7606 0.370805 -0.0289209 
2.95578 0.365159 -0.0289209 
3.15096 0.359512 -0.0289209 
3.34615 0.353866 -0.0289209 
3.54133 0.348219 -0.0289209 
3.70179 0.400582 0.659776 
3.7924 0.542991 1.34847 
3.86997 0.674546 0.727685 
4.00958 0.73644 0.106897 
4.15914 0.705576 -0.513891 
4.30928 0.620828 -0.513891 
4.45942 0.536079 -0.513891 
4.60955 0.451331 -0.513891 
4.75969 0.366582 -0.513891 
4.90982 0.281833 -0.513891 
5.05996 0.197085 -0.513891 
5.2101 0.112336 -0.513891 
5.22035 0.106219 -0.561664 
5.03341 0.138769 0.216887 
4.87746 0.0306603 0.995438 
4.84235 -0.155823 1.77399 
4.94831 -0.31324 2.55254 
5.1343 -0.350898 3.33109 
5.29315 -0.2471 4.10964 
5.38864 -0.108336 4.10964 
5.48414 0.0304276 4.10964 
5.57963 0.169192 4.10964 
5.62368 0.312668 4.71939 
5.58325 0.174587 -2.14755 
5.49745 0.0426978 -2.14755 
5.41165 -0.0891916 -2.14755 
5.32585 -0.221081 -2.14755 
5.32179 -0.227139 -2.17674 
5.27884 -0.397455 -1.45884 
5.35853 -0.553984 -0.740934 
5.44652 -0.634478 -0.740934 
5.53451 -0.714973 -0.740934 
5.60964 -0.844416 -1.34891 
5.59737 -0.993577 -1.9569 
5.58334 -1.13434 -1.38325 
5.60659 -1.25686 -1.38325 
5.62984 -1.37939 -1.38325 
5.63021 -1.3813 -1.37547 
5.63404 -1.45126 -1.6567 
5.61767 -1.64138 -1.6567 
5.60129 -1.83151 -1.6567 
5.58492 -2.02163 -1.6567 
5.584 -2.0431 -1.57069 

